# Created by Octave 3.6.2, Fri Mar 28 10:04:16 2014 CET <matael@trillian>
# name: eigval_vect
# type: complex matrix
# rows: 10
# columns: 1
 (804.1707970129223,3.36625225486654)
 (636.3430052698443,3.227964450851884)
 (488.280582650061,3.168485962407075)
 (359.9673524675518,3.131194476596263)
 (251.400172136767,3.101767954585889)
 (162.5799410130351,3.071439457701394)
 (2.659961863138375,0.6520966469711009)
 (14.65227634813986,2.429814680067905)
 (93.5124028458894,3.025961555835562)
 (44.21458292783858,2.914910200565815)


