# Created by Octave 3.6.2, Fri Mar 28 10:03:46 2014 CET <matael@trillian>
# name: eigval_vect
# type: complex matrix
# rows: 10
# columns: 1
 (797.4841375838752,9.667534616344007)
 (630.0578402195307,9.858091985939154)
 (482.1598375722842,9.954621320193944)
 (353.9171245685019,10.04458886120429)
 (245.3505136980967,10.16515999989673)
 (156.43770654721,10.37880406154924)
 (4.105777181695622,1.180753382745089)
 (19.61192016368209,14.05301994126256)
 (36.65140390639331,13.79642822284483)
 (87.06099286919591,10.90099760801997)


