# Created by Octave 3.6.2, Fri Mar 28 10:04:02 2014 CET <matael@trillian>
# name: eigval_vect
# type: complex matrix
# rows: 10
# columns: 1
 (802.9335659271178,8.638704771269211)
 (635.4357243877434,8.394682444434521)
 (487.5206568470384,8.291984981377098)
 (359.3116548326815,8.242534306279696)
 (250.8468802486689,8.227467855735251)
 (162.1681844024456,8.246291272970474)
 (3.433776277666204,0.9695763138576402)
 (17.00780303873843,5.965570881356411)
 (93.38368344191491,8.303861001758024)
 (44.91297196527517,8.248737935667629)


