# Created by Octave 3.6.2, Thu Apr 24 12:34:12 2014 CEST <matael@trillian>
# name: eigval_vect
# type: matrix
# rows: 30
# columns: 1
 3.181506418414103
 17.58371229629506
 48.66907474644369
 98.56576059079647
 167.8976642615182
 256.8509972088414
 365.4904663105198
 493.8422831743582
 641.9184848545672
 809.7251779187224
 997.2657193283932
 1204.542082452271
 1431.555497701918
 1678.306775986818
 1944.796482874542
 2231.025038205945
 2536.992776869356
 2862.699989008267
 3208.146949844728
 3573.333945620663
 3958.261300917811
 4362.929413255997
 4787.338803909523
 5231.490201532923
 5695.384693923927
 6179.024033018427
 6682.411329920332
 7205.552942808398
 7748.465258008015
 8311.217288350712


