# Created by Octave 3.6.2, Fri Apr 04 10:24:21 2014 CEST <matael@trillian>
# name: eigval_vect
# type: matrix
# rows: 30
# columns: 1
 3.181506418413535
 17.58371229629602
 48.66907474644442
 98.56576059079701
 167.8976642615188
 256.8509972088419
 365.4904663105206
 493.8422831743583
 641.9184848545674
 809.7251779187233
 997.2657193283933
 1204.54208245227
 1431.555497701918
 1678.306775986817
 1944.796482874542
 2231.025038205945
 2536.992776869358
 2862.69998900827
 3208.14694984473
 3573.333945620662
 3958.26130091781
 4362.929413255998
 4787.338803909523
 5231.490201532923
 5695.384693923927
 6179.024033018426
 6682.411329920332
 7205.552942808398
 7748.465258008015
 8311.217288350712


